1127 -0.0822659270459
1148 -0.0928212674868
1149 -0.203522279913
1175 -0.189762187065
1176 -0.0820748761364
1201 0.00369669144742
1202 -0.273296925202
1203 -0.624077161726
1204 -0.281499668942
1229 0.0940498201079
1230 0.340590508213
1231 0.37504451591
1236 -0.00775658603699
1260 0.263319523398
1261 0.603930363784
1262 0.216978476794
1263 0.707473165823
1264 -0.0370538557352
1265 0.0634873759122
1286 0.440709996854
1287 0.916313388009
1288 0.838297954795
1289 0.749279818881
1290 -0.0717261879685
1292 -0.0664560125529
1293 -0.00471409288038
1294 0.126412132638
1314 0.180968945435
1315 0.93876241683
1316 0.753695383441
1317 0.68161702171
1318 0.472217391364
1319 0.180747782544
1320 -0.172447086554
1321 0.0251540237749
1322 0.0772521106708
1342 0.3752333166
1343 0.674258731743
1344 0.73006390462
1345 0.462789487506
1346 0.629892956193
1347 0.0131003434792
1348 -0.0125163335073
1349 0.0127193734676
1350 0.0619436324875
1369 0.310578805279
1370 0.819967887704
1371 0.446202623287
1372 0.0267837707768
1373 -0.0646470293843
1374 0.122188795744
1398 0.834898327689
1399 0.446718985655
1400 0.616387464335
1401 0.367955513754
1402 0.416944909318
1403 -0.0494973015526
1404 0.0512054788008
1405 -0.00551193889852
1406 0.0145319652886
1407 0.0594475947505
1425 0.276701240267
1426 0.202979778246
1427 0.511142788477
1428 0.486937599935
1429 0.44228830851
1430 0.496802744457
1431 0.531934586177
1432 0.420535267593
1433 0.0950733079979
1434 -0.089670366948
1435 -0.144311892591
1436 0.0380621764477
1458 1.21388550729
1459 0.854909874025
1460 0.819186543775
1461 0.505129467181
1462 0.738513300448
1463 0.699628645618
1464 0.264404679645
1465 0.243248612478
1466 0.406357594548
1467 0.428934059364
1468 -0.0922301129803
1469 -0.088404697443
1470 -0.0491006647142
1471 -0.0206691131673
1472 0.434686007824
1491 0.902929368923
1492 0.650810780206
1493 0.65914575855
1494 0.441385269303
1495 0.228481354993
1496 -0.126612475634
1497 0.0501549019601
1498 -0.184788497728
1499 -0.0210314356687
1500 0.165438876211
1501 0.47292965172
1523 0.903455713078
1524 1.20183445949
1525 0.930813974362
1526 1.0047887875
1527 0.67505926748
1528 0.398857143536
1529 0.456798952153
1530 0.0260240199656
1531 0.209799197138
1532 0.368406562898
1533 -0.076405729332
1534 0.195921068311
1556 -0.0595997678418
1557 1.00254866322
1558 1.11533241109
1559 1.0127300818
1560 -0.100882029549
1561 0.020417508318
1562 0.248859906754
1563 -0.00727993889224
1564 0.624616333566
1565 0.986948753378
1590 1.18928321943
1591 0.489438798299
1592 0.393250501473
1593 0.172520028279
1594 0.518522391604
1595 0.258443822412
1596 -0.131565849078
1597 -0.04620634571
1598 0.372644393408
1599 0.764992748109
1621 -0.126538710128
1622 0.401452044031
1623 0.472530786188
1624 0.218909149904
1625 -0.0350351770034
1626 0.112303396769
1627 0.436072783055
1628 0.403740658381
1629 0.664055232487
1630 0.589610127374
1656 0.614925238007
1657 0.230228092397
1658 0.222746386763
1659 0.32144022879
1660 0.0261496611173
1661 0.329659760574
1662 0.549834924578
1663 0.736576156418
1664 0.705897934124
1685 0.0714466877176
1686 0.253035414657
1687 -0.0727788325263
1688 0.261057180948
1689 0.277346810227
1690 0.278764113337
1691 -0.127881429803
1692 0.0890176471681
1693 0.533499865205
1694 0.655891180804
1695 0.514581035288
1725 0.322064203679
1726 0.342482715939
1727 0.0502092288034
1728 -0.317663454091
1729 0.560675031016
1730 0.401246018908
1731 0.0578537454091
1732 0.296314412236
1733 0.694054938049
1734 0.364811343099
1762 -0.687126049103
1763 0.34125277577
1764 0.346614043631
1765 -0.508685921031
1766 0.169903743134
1767 0.416818913807
1768 0.0563177100947
1769 0.267873000659
1770 0.240978642761
1771 0.448874653062
1802 0.0191876317747
1803 0.131300042519
1804 -0.0865571804571
1805 0.108472954407
1806 0.34626938004
1807 0.277898472153
1808 -0.109616277294
1809 0.397869691468
1842 -0.155744885529
1843 -0.00679221955308
1844 0.0118039619485
1845 -0.216111707159
1846 0.0754964862164
1847 0.561993812789
1848 0.371752481468
1849 0.0182979945796
1881 -0.247699869218
1882 -0.10923595216
1883 -0.106398179948
1884 -0.209534535323
1885 0.415241718216
1886 0.442786972443
1887 0.547858757782
1888 0.0693413123378
1889 0.221200831066
1919 -0.11007581591
1920 -0.0540808046461
1921 -0.285981324683
1922 -0.335841490892
1923 -0.184208374745
1924 0.130378830952
1925 0.182395550924
1926 -0.062142731682
1961 -0.0852469499246
1962 0.124382616453
1963 -0.271802990598
1965 -0.142501430053
1966 0.302247455625
1967 0.596264171097
1968 0.403619047009
1969 -0.200437094468
2004 0.206433875458
2005 0.236917339042
2006 0.297515588221
2007 0.0427969078944
2009 0.160358251032
2060 0.341932733293
2061 0.103008920897
2062 0.0892825851001
2063 0.165546785812
2105 0.0895429832216
